1
1
2
4
(8 0
((0,0,0) (63,63,63) (0,0,0))
((64,0,0) (127,63,63) (0,0,0))
((0,64,0) (63,127,63) (0,0,0))
((64,64,0) (127,127,63) (0,0,0))
((0,0,64) (63,63,127) (0,0,0))
((64,0,64) (127,63,127) (0,0,0))
((0,64,64) (63,127,127) (0,0,0))
((64,64,64) (127,127,127) (0,0,0))
)
8
FabOnDisk: Cell_D_00000 0
FabOnDisk: Cell_D_00000 5972060
FabOnDisk: Cell_D_00001 0
FabOnDisk: Cell_D_00001 5972061
FabOnDisk: Cell_D_00002 0
FabOnDisk: Cell_D_00002 5972061
FabOnDisk: Cell_D_00003 0
FabOnDisk: Cell_D_00003 5972062

8,2
6.5952368552409457e-01,2.1818439101250228e-01,
9.8272563778005251e-01,1.1029074513642523e+00,
6.5952368552409457e-01,2.1818439101250228e-01,
9.8272563778005251e-01,1.1029074513642523e+00,
3.5578074648955349e-01,1.9232298225781841e-01,
6.0454759159875104e-01,1.1028600750644371e+00,
3.5578074648955349e-01,1.9232298225781841e-01,
6.0454759159875104e-01,1.1028600750644371e+00,

8,2
2.1932630142204803e+00,1.2984115248543673e+00,
1.8733479598190435e+00,1.2861952816101954e+00,
2.1932630142204803e+00,1.2984115248543673e+00,
1.8733479598190435e+00,1.2861952816101954e+00,
1.1856488884215624e+00,1.2627907644816374e+00,
1.0844429130949154e+00,1.2624848280184939e+00,
1.1856488884215624e+00,1.2627907644816374e+00,
1.0844429130949154e+00,1.2624848280184939e+00,

