1
1
1
4
(6 0
((104,120,120) (119,135,127) (0,0,0))
((120,120,120) (135,135,127) (0,0,0))
((136,120,120) (151,135,127) (0,0,0))
((104,120,128) (119,135,135) (0,0,0))
((120,120,128) (135,135,135) (0,0,0))
((136,120,128) (151,135,135) (0,0,0))
)
6
FabOnDisk: Cell_D_00002 0
FabOnDisk: Cell_D_00000 0
FabOnDisk: Cell_D_00000 73826
FabOnDisk: Cell_D_00003 0
FabOnDisk: Cell_D_00001 0
FabOnDisk: Cell_D_00001 73826

6,1
1.4576642830688901e-05,
1.3878396761026152e-04,
1.4576642830688900e-05,
1.4576642830688900e-05,
1.3878396761026152e-04,
1.4576642830688900e-05,

6,1
3.0601842877963502e-03,
2.6452830885529723e-03,
3.0601842877963502e-03,
3.0601842877963502e-03,
2.6452830885529723e-03,
3.0601842877963498e-03,

