0.3398703149834797
-0.31877040359326025
0.2616876900682579
-0.1845589014988775
0.10644691856087608
-0.04262692204641688
0.0005624866300279926
0.02014476610478377
-0.02495764954512716
0.020849460083631154
-0.013666027854196879
0.007011674717859563
-0.00237271886912338
-0.00016454816727440303
0.0011512773593783492
-0.0012464661704612013
0.0009619000905358638
-0.0006035331025985179
0.00031014612973111227
-0.00011760298419894008
0.000012972426905246089
0.000031460299297518064
-0.00004156514875771091
0.000035796814181932425
-0.00002514044897475343
0.000015034014273756846
-7.481343748544104e-6
2.6858337195837846e-6
-9.974760909636093e-8
-9.972084923228174e-7
1.232546253525471e-6
-1.056504316228293e-6
7.47186624477224e-7
-4.503170181331782e-7
2.244401554785069e-7
-7.866743066281355e-8
-7.542242370499983e-10
3.4257847261451717e-8
-4.064371403384637e-8
3.3910631625957225e-8
-2.2969828893536417e-8
1.26468956304575e-8
-4.998937290778731e-9
4.542935982275102e-10
1.3930406250537502e-9
-1.3113806317392608e-9
1.7380610306497266e-10
1.2009518158304569e-9
-2.1730906049510922e-9
2.4667169594655686e-9