2.357134048453557
-1.9635467157928417
1.1795075506129167
-0.5391701162440153
0.16962696949652423
-0.003734212689579054
-0.05375983480350201
0.06207341555985089
-0.051729276271027136
0.036745573212263516
-0.023006732885378415
0.012502022934543887
-0.0054260815940578196
0.0012235286986818584
0.0008837903628009298
-0.0016379461520883594
0.0016334052552107966
-0.0012885284225685094
0.0008616770502504997
-0.0004871778729903655
0.00021535150786820636
-0.000047575985736512345
-0.000037538066526578624
0.0000673046050457766
-0.0000659294277288952
0.00005101172365797816
-0.00003336039903912097
0.00001838057620019387
-7.878931024914073e-6
1.6644334001256316e-6
1.296075765920946e-6
-2.178037631388182e-6
1.958188778822949e-6
-1.3087487030288237e-6
6.190031862847465e-7
-6.800482018465333e-8
-2.9665542454353737e-7
4.951003613143035e-7
-5.722788564048512e-7
5.738215360308152e-7
-5.355587662186083e-7
4.815268705544693e-7
-4.263750277640669e-7
3.795025697779657e-7
-3.489878513085297e-7
3.4383928358246674e-7
-3.715375083926013e-7
4.291066908418518e-7
-4.905756174416065e-7
5.117545480411436e-7