8.618488854462347
1.2974901937295011
-1.0791825914970268
0.8028588997811626
-0.5400678133211699
0.330418222035943
-0.1826502517615876
0.08814333533742823
-0.03291492148921833
0.003926566902849468
0.00886845645315655
-0.012487917176595156
0.011512829661162502
-0.008736996468339267
0.005713988853227145
-0.003181102049069587
0.0013766142424895406
-0.0002666432511588962
-0.0003019386080250347
0.000508142095501346
-0.0005076821575046297
0.00041424714553496556
-0.0002988794419696711
0.00019832092411475877
-0.00012591855763192938
0.00008157079214481111
-0.00005912707428992747
0.00005106113308085691
-0.00005087655561118731
0.00005396483258066076
-0.00005757124046519568
0.00006037058094733594
-0.00006196138974561005
0.00006243758466553673
-0.00006208948973961126
0.00006122890915032098
-0.00006010768616798723
0.00005889526109394139
-0.000057687291804345286
0.000056525168130025505
-0.00005541729946979823
0.000054353656013819696
-0.000053320161792283494
0.00005229831492474524
-0.00005128500390517987
0.00005026391685881981
-0.000049283781304740315
0.000048307125567192966
-0.000047592632780077415
0.000046907435937562636