0.35468542287754296
-0.33932477956449325
0.29709815396918365
-0.2378990474343431
0.17369754339542284
-0.11457412857767137
0.06653637088395778
-0.031448209538897896
0.008269038629751202
0.005433288652150827
-0.012342021411659588
0.014784303184612761
-0.014534206531430657
0.012837585712111915
-0.010517652460244241
0.008087589136684871
-0.005843616385470922
0.003934858794786251
-0.0024139996477776883
0.0012736140712843777
-0.0004720066712709944
-0.000048765125936175135
0.0003507838952487604
-0.000492652937977563
0.0005252252567397504
-0.0004897445900882024
0.00041763066449273563
-0.00033129368591713253
0.00024550457921859476
-0.00016897544955111072
0.00010591570190241597
-0.00005742064605583757
0.000022620380013221388
4.318438327150754e-7
-0.000014118492431169516
0.000020830813563386705
-0.00002271420776570723
0.000021542921352895082
-0.000018684835054226358
0.00001512347888968331
-0.000011511665709994847
8.238176509478732e-6
-5.495099061676214e-6
3.33843374711174e-6
-1.7383991907124487e-6
6.185829905688907e-7
1.1520723400822888e-7
-5.547078623451065e-7
7.762328352361852