1
1
1
4
(64 0
((0,0,0) (31,31,31) (0,0,0))
((96,0,0) (127,31,31) (0,0,0))
((64,0,0) (95,31,31) (0,0,0))
((32,0,0) (63,31,31) (0,0,0))
((0,96,0) (31,127,31) (0,0,0))
((0,64,0) (31,95,31) (0,0,0))
((0,32,0) (31,63,31) (0,0,0))
((96,96,0) (127,127,31) (0,0,0))
((96,64,0) (127,95,31) (0,0,0))
((96,32,0) (127,63,31) (0,0,0))
((64,96,0) (95,127,31) (0,0,0))
((64,64,0) (95,95,31) (0,0,0))
((64,32,0) (95,63,31) (0,0,0))
((32,96,0) (63,127,31) (0,0,0))
((32,64,0) (63,95,31) (0,0,0))
((32,32,0) (63,63,31) (0,0,0))
((0,0,96) (31,31,127) (0,0,0))
((0,0,64) (31,31,95) (0,0,0))
((0,0,32) (31,31,63) (0,0,0))
((96,0,96) (127,31,127) (0,0,0))
((96,0,64) (127,31,95) (0,0,0))
((96,0,32) (127,31,63) (0,0,0))
((64,0,96) (95,31,127) (0,0,0))
((64,0,64) (95,31,95) (0,0,0))
((64,0,32) (95,31,63) (0,0,0))
((32,0,96) (63,31,127) (0,0,0))
((32,0,64) (63,31,95) (0,0,0))
((32,0,32) (63,31,63) (0,0,0))
((0,96,96) (31,127,127) (0,0,0))
((0,96,64) (31,127,95) (0,0,0))
((0,96,32) (31,127,63) (0,0,0))
((0,64,96) (31,95,127) (0,0,0))
((0,64,64) (31,95,95) (0,0,0))
((0,64,32) (31,95,63) (0,0,0))
((0,32,96) (31,63,127) (0,0,0))
((0,32,64) (31,63,95) (0,0,0))
((0,32,32) (31,63,63) (0,0,0))
((96,96,96) (127,127,127) (0,0,0))
((96,96,64) (127,127,95) (0,0,0))
((96,96,32) (127,127,63) (0,0,0))
((96,64,96) (127,95,127) (0,0,0))
((96,64,64) (127,95,95) (0,0,0))
((96,64,32) (127,95,63) (0,0,0))
((96,32,96) (127,63,127) (0,0,0))
((96,32,64) (127,63,95) (0,0,0))
((96,32,32) (127,63,63) (0,0,0))
((64,96,96) (95,127,127) (0,0,0))
((64,96,64) (95,127,95) (0,0,0))
((64,96,32) (95,127,63) (0,0,0))
((64,64,96) (95,95,127) (0,0,0))
((64,64,64) (95,95,95) (0,0,0))
((64,64,32) (95,95,63) (0,0,0))
((64,32,96) (95,63,127) (0,0,0))
((64,32,64) (95,63,95) (0,0,0))
((64,32,32) (95,63,63) (0,0,0))
((32,96,96) (63,127,127) (0,0,0))
((32,96,64) (63,127,95) (0,0,0))
((32,96,32) (63,127,63) (0,0,0))
((32,64,96) (63,95,127) (0,0,0))
((32,64,64) (63,95,95) (0,0,0))
((32,64,32) (63,95,63) (0,0,0))
((32,32,96) (63,63,127) (0,0,0))
((32,32,64) (63,63,95) (0,0,0))
((32,32,32) (63,63,63) (0,0,0))
)
64
FabOnDisk: Cell_D_00000 0
FabOnDisk: Cell_D_00000 512092
FabOnDisk: Cell_D_00000 1024185
FabOnDisk: Cell_D_00000 1536277
FabOnDisk: Cell_D_00001 0
FabOnDisk: Cell_D_00001 512093
FabOnDisk: Cell_D_00000 2048369
FabOnDisk: Cell_D_00001 1024185
FabOnDisk: Cell_D_00001 1536279
FabOnDisk: Cell_D_00000 2560461
FabOnDisk: Cell_D_00001 2048372
FabOnDisk: Cell_D_00001 2560465
FabOnDisk: Cell_D_00000 3072554
FabOnDisk: Cell_D_00001 3072557
FabOnDisk: Cell_D_00001 3584650
FabOnDisk: Cell_D_00000 3584646
FabOnDisk: Cell_D_00002 0
FabOnDisk: Cell_D_00002 512093
FabOnDisk: Cell_D_00000 4096738
FabOnDisk: Cell_D_00002 1024185
FabOnDisk: Cell_D_00002 1536279
FabOnDisk: Cell_D_00000 4608830
FabOnDisk: Cell_D_00002 2048372
FabOnDisk: Cell_D_00002 2560465
FabOnDisk: Cell_D_00000 5120923
FabOnDisk: Cell_D_00002 3072557
FabOnDisk: Cell_D_00002 3584650
FabOnDisk: Cell_D_00000 5633015
FabOnDisk: Cell_D_00003 0
FabOnDisk: Cell_D_00003 512094
FabOnDisk: Cell_D_00001 4096742
FabOnDisk: Cell_D_00003 1024187
FabOnDisk: Cell_D_00003 1536280
FabOnDisk: Cell_D_00001 4608835
FabOnDisk: Cell_D_00002 4096742
FabOnDisk: Cell_D_00002 4608835
FabOnDisk: Cell_D_00000 6145107
FabOnDisk: Cell_D_00003 2048372
FabOnDisk: Cell_D_00003 2560467
FabOnDisk: Cell_D_00001 5120927
FabOnDisk: Cell_D_00003 3072561
FabOnDisk: Cell_D_00003 3584655
FabOnDisk: Cell_D_00001 5633021
FabOnDisk: Cell_D_00002 5120927
FabOnDisk: Cell_D_00002 5633021
FabOnDisk: Cell_D_00000 6657199
FabOnDisk: Cell_D_00003 4096748
FabOnDisk: Cell_D_00003 4608842
FabOnDisk: Cell_D_00001 6145114
FabOnDisk: Cell_D_00003 5120935
FabOnDisk: Cell_D_00003 5633028
FabOnDisk: Cell_D_00001 6657207
FabOnDisk: Cell_D_00002 6145114
FabOnDisk: Cell_D_00002 6657207
FabOnDisk: Cell_D_00000 7169292
FabOnDisk: Cell_D_00003 6145120
FabOnDisk: Cell_D_00003 6657214
FabOnDisk: Cell_D_00001 7169299
FabOnDisk: Cell_D_00003 7169307
FabOnDisk: Cell_D_00003 7681400
FabOnDisk: Cell_D_00001 7681392
FabOnDisk: Cell_D_00002 7169299
FabOnDisk: Cell_D_00002 7681392
FabOnDisk: Cell_D_00000 7681384

64,1
6.6835144262727242e-12,
6.6835144262727242e-12,
1.1625943772810367e-11,
1.1625943772810369e-11,
6.6835144262727258e-12,
1.1693131411262783e-11,
1.1693131411262782e-11,
6.6835144262727258e-12,
1.1693131411262782e-11,
1.1693131411262783e-11,
1.1625943772810367e-11,
2.7364539345411071e-11,
2.7364539345411068e-11,
1.1625943772810369e-11,
2.7364539345411071e-11,
2.7364539345411068e-11,
6.6835144262727258e-12,
2.1736541110581996e-11,
2.1736541110582000e-11,
6.6835144262727258e-12,
2.1736541110581996e-11,
2.1736541110581996e-11,
1.1625943772810369e-11,
5.6295578028054776e-11,
5.6295578028054776e-11,
1.1625943772810369e-11,
5.6295578028054776e-11,
5.6295578028054776e-11,
6.6835144262727258e-12,
2.1736541110582000e-11,
2.1736541110582000e-11,
1.1693131411262783e-11,
5.7065760985679247e-11,
5.7065760985679241e-11,
1.1693131411262783e-11,
5.7065760985679247e-11,
5.7065760985679241e-11,
6.6835144262727250e-12,
2.1736541110582000e-11,
2.1736541110581996e-11,
1.1693131411262783e-11,
5.7065760985679247e-11,
5.7065760985679247e-11,
1.1693131411262783e-11,
5.7065760985679247e-11,
5.7065760985679247e-11,
1.1625943772810369e-11,
5.6295578028054782e-11,
5.6295578028054776e-11,
2.7364539345411071e-11,
3.7790096290023688e-10,
3.7790096290023682e-10,
2.7364539345411068e-11,
3.7790096290023682e-10,
3.7790096290023682e-10,
1.1625943772810369e-11,
5.6295578028054776e-11,
5.6295578028054782e-11,
2.7364539345411068e-11,
3.7790096290023682e-10,
3.7790096290023688e-10,
2.7364539345411068e-11,
3.7790096290023682e-10,
3.7790096290023682e-10,

64,1
3.1314529434847706e-10,
3.1314529434847706e-10,
5.9448243373204874e-10,
5.9448243373204885e-10,
3.1314529434847701e-10,
6.1455325888709575e-10,
6.1455325888709575e-10,
3.1314529434847706e-10,
6.1455325888709586e-10,
6.1455325888709575e-10,
5.9448243373204885e-10,
2.0180039669025047e-09,
2.0180039669025047e-09,
5.9448243373204885e-10,
2.0180039669025047e-09,
2.0180039669025043e-09,
3.1314529434847701e-10,
1.7427387155643575e-09,
1.7427387155643573e-09,
3.1314529434847701e-10,
1.7427387155643571e-09,
1.7427387155643571e-09,
5.9448243373204885e-10,
7.6726170617756388e-09,
7.6726170617756388e-09,
5.9448243373204885e-10,
7.6726170617756388e-09,
7.6726170617756388e-09,
3.1314529434847706e-10,
1.7427387155643573e-09,
1.7427387155643571e-09,
6.1455325888709575e-10,
8.8676176734827015e-09,
8.8676176734827015e-09,
6.1455325888709575e-10,
8.8676176734827015e-09,
8.8676176734827015e-09,
3.1314529434847706e-10,
1.7427387155643571e-09,
1.7427387155643571e-09,
6.1455325888709586e-10,
8.8676176734827015e-09,
8.8676176734827015e-09,
6.1455325888709586e-10,
8.8676176734827015e-09,
8.8676176734827015e-09,
5.9448243373204874e-10,
7.6726170617756404e-09,
7.6726170617756421e-09,
2.0180039669025047e-09,
2.1600885756355914e-03,
2.1600885756355914e-03,
2.0180039669025047e-09,
2.1600885756355910e-03,
2.1600885756355914e-03,
5.9448243373204885e-10,
7.6726170617756421e-09,
7.6726170617756421e-09,
2.0180039669025047e-09,
2.1600885756355914e-03,
2.1600885756355910e-03,
2.0180039669025047e-09,
2.1600885756355910e-03,
2.1600885756355910e-03,

