1.0158112754176323	-0.6049227751715597	0.11369496014250013	-0.0034970326588597686	-0.008040791736960741	0.004410877795747245	-0.0015661991664559416	0.0004286752649648212	-0.00009629095489516919	0.000019843651924747333	-4.949707997009946e-6	2.033212807634171e-6	-1.1721366756098166e-6	6.846744200709326e-7	-3.6563715571122195e-7	1.7850745578045077e-7	-7.63104842841744e-8	2.100144657832259e-8	7.060877118994328e-9	-7.2071149673767244e-9
0.2141968733543574	-0.030933020354100615	-0.014234031009583039	-0.0016850611339145588	0.004303892168121768	-0.0017269588747771667	0.0003162018994754335	0.000010830351911342111	-0.00003851713510990781	0.000023634714242215472	-0.000010056147909244734	3.078610279024256e-6	-7.147224977436194e-7	1.553360180090997e-7	-4.119457126675399e-8	1.281297626435111e-8	-5.197292463640733e-9	2.554813895703535e-9	-2.338205278809742e-10	-4.319259221390471e-10
-0.17654293231569196	0.13250317332116468	-0.027539826940612265	-0.0012438200076187317	0.0028804330404561137	-0.0010245219533298203	0.0002374089986388046	-0.00005373891012578358	0.000012991904697489732	-2.9356007904478797e-6	1.2670476268450946e-6	-8.697679859430364e-7	4.4212535759650257e-7	-1.7692864854362204e-7	7.415728879182687e-8	-3.4590902187227194e-8	1.4130892841978954e-8	-3.4067283819513936e-9	-1.7656418521802726e-9	1.598407655745756e-9
-0.0742005973257435	0.019544703023520786	0.00295339551695418	-0.00016975282008422558	-0.001131771301594995	0.0005916210140093185	-0.00012572728709642255	-6.395510747880101e-6	0.000015954661943995375	-8.51006056987603e-6	3.4720873795403132e-6	-1.079087966677746e-6	2.309986063527361e-7	-3.7449992401102214e-8	1.1610188028777233e-8	-6.225671006688692e-9	2.850839289517213e-9	-1.1259656545353249e-9	1.6930777794826012e-10	8.742821332348438e-11
0.013318610472021791	-0.026241905814105827	0.007322659502195089	0.0009543613989010102	-0.0011958976218878988	0.0003205370875463332	-0.000018265731123845712	-9.555110634590748e-6	2.8213156634335353e-6	-4.917111339693711e-7	-1.7499065041288683e-7	3.075515042375509e-7	-1.672468802818431e-7	4.921210443599683e-8	-1.1136188816609398e-8	4.17501403533662e-9	-1.643594880340474e-9	1.5983209062362704e-10	4.973731338353722e-10	-3.608433748878608e-10
0.02109257959032794	-0.011543995460814714	0.0004139401959883486	0.0006425842007269798	0.00006416107000331952	-0.00018516680161374837	0.00006288132784577438	-8.945863579606483e-7	-6.358790183971731e-6	3.1286523507067393e-6	-1.206867870379635e-6	3.970515482264788e-7	-7.806694843912401e-8	2.5251674459119203e-9	-7.21201585105781e-10	2.6806878112694416e-9	-1.5042576137621819e-9	4.89060169098221e-10	-9.987206301222996e-11	2.4693347274720376e-11
0.005553369682819734	0.0036356244033346335	-0.002174719377861764	-0.00017960321093436272	0.0004665849319512122	-0.00016134970959686844	8.744929071647316e-6	0.000010905841193835228	-4.184465239067146e-6	8.291323860892754e-7	-6.77456697601754e-8	-8.17884331777419e-8	6.344279340192286e-8	-1.867179388981657e-8	5.213711584586399e-10	1.0446433088950446e-9	-3.000746633867544e-10	1.6912012849173985e-10	-2.04740676046063e-10	9.450915225384885e-11
-0.0025177299808636783	0.0047551982883957955	-0.0008287356399034138	-0.0004235568995892716	0.00017092351316174624	0.000028212409556261687	-0.00003090789837397411	5.5304941610042e-6	1.4980465335787802e-6	-1.09991642502488e-6	4.204979821248011e-7	-1.4647909795780715e-7	3.056072978062591e-8	2.86915045937192e-9	-2.502551862542139e-9	-4.822951612463554e-10	6.036034687752299e-10	-1.9864044553652947e-10	5.217753215169124e-11	1.2602724080794901e-11
-0.0026339746047957524	0.000973596913516353	0.0004040962546169209	-0.0001586031185494413	-0.00009663141518006613	0.00007573927028088108	-0.000013849298635295823	-4.275926050958012e-6	2.7461935260266693e-6	-6.133040576207993e-7	6.924321027508237e-8	1.6273331927114075e-8	-2.394591728342179e-8	9.680255197419812e-9	-3.575403964865484e-11	-1.2553794878362567e-9	4.782356440925003e-10	-9.091335166242984e-11	7.47730411658834e-11	-8.643176452327594e-11
-0.0008441277696176752	-0.0009876732397004484	0.00044669422534996924	0.00009582177200120201	-0.00011272448539232358	0.00002018099345607431	9.343842039942501e-6	-5.073607746601603e-6	4.5943196142300105e-7	3.3404515948842685e-7	-1.6337395353669347e-7	5.421005769870287e-8	-1.3814492726507178e-8	-1.0201516270733242e-9	2.2638193300744507e-9	-4.5316218689312425e-10	-1.7825120258952928e-10	5.7630569912613117e-11	1.2723040042307218e-11	2.2429344026606707e-11
0.00013553695141038657	-0.0008299593767345965	0.00007436777386807258	0.00012801447103956458	-0.000023888748479699564	-0.000021253224615915597	0.000010479754452980293	-2.7410164358436864e-7	-1.1270472911252712e-6	3.9240318976696575e-7	-5.466234250523362e-8	-3.4518983500048638e-9	8.984146320986652e-9	-5.104749967621992e-9	6.912225213322361e-10	6.038350489382619e-10	-3.1819364292940203e-10	8.074425676685149e-11	-4.389675474785089e-11	8.655560101121507e-12
0.0002971988142221882	-0.00017242576792979303	-0.00011006843417936049	0.00004236052062625757	0.00002842690346750677	-0.00001892470405075717	9.408342618133871e-7	2.357628651847082e-6	-7.579113036270627e-7	-2.207262014112285e-8	6.903062928781812e-8	-2.4467887852104575e-8	7.087176715907554e-9	-4.887516035878385e-10	-1.1381726438609331e-9	5.171152781967194e-10	-2.084149408501483e-11	-3.8702189510912005e-11	-6.814941623176085e-12	1.6013223733124526e-11
0.00018024356766110916	0.00015201364307156767	-0.00008312132457105256	-0.000023405682173046835	0.00002528561091645669	-1.916401988553474e-6	-4.009326638506087e-6	1.4002277686136013e-6	1.4945159892079001e-7	-2.0352887526343282e-7	4.85624461101094e-8	-1.4611374043462747e-9	-3.1504235450323208e-9	2.292667782564147e-9	-7.518508348726156e-10	-1.1726583780077328e-10	1.719635911261435e-10	-5.254947586558374e-11	9.94508316844167e-12	2.2674409685995503e-12
0.00006267836715665581	0.00015450029445412614	-0.00001115361527169803	-0.00003246239889108198	4.948415659341426e-6	6.255210144842974e-6	-2.5818873546954813e-6	-2.9003797755739066e-7	4.289063719588131e-7	-8.345858671748819e-8	-1.886468861472205e-8	1.327995729537095e-8	-4.020486139242338e-9	7.269871602768544e-10	3.241509533935625e-10	-2.9719709069490723e-10	7.50204834506444e-11	1.6399239930429965e-11	-2.6235163672581885e-13	-2.2525287584067473e-11
-8.125042461684662e-7	0.00006081961180610593	0.000020115283286352946	-0.000013798849635680041	-5.956501244865162e-6	4.452282775143312e-6	1.663956012173777e-7	-7.761772838120549e-7	1.6450780282488897e-7	5.6201084295659075e-8	-3.380596231379249e-8	5.547473515060339e-9	6.525176531914367e-10	-9.523635316780951e-10	4.82317114199049e-10	-6.601569551428765e-11	-7.310635614671962e-11	1.9233294644427357e-11	9.170043007268938e-12	1.419416475090425e-11
-0.000022918376835059928	-3.4639248675943923e-6	0.00001592634379431277	1.9948533342076117e-6	-5.525149003878828e-6	4.121133644412428e-7	1.1236654309805907e-6	-3.295864270651955e-7	-9.95983741304237e-8	6.903970670610565e-8	-6.3601245717779826e-9	-4.8929637139671824e-9	2.2039674936696983e-9	-5.801561055835628e-10	2.0331346930460223e-11	1.1919690093894347e-10	-5.150004600833376e-11	1.6935098532929252e-11	-7.818869304180437e-12	-1.2275952891477489e-11
-0.000021616928424367243	-0.000021319917278508904	4.121430962532313e-6	6.256907665212416e-6	-1.6428485290167398e-6	-1.3645295484917088e-6	6.516092121978099e-7	1.2135100188761074e-7	-1.3843748525440777e-7	1.4105608935337417e-8	1.5079737537718272e-8	-5.870781992056012e-9	3.5981505408099086e-10	4.0965808352434914e-10	-2.4770722905037394e-10	6.784823888155746e-11	9.323905634118362e-12	-1.7508929256535716e-11	2.1506698060901747e-12	9.230855771598379e-12
-0.000010658135912278155	-0.000015123867790421686	-2.193171751157727e-6	3.521807817442207e-6	7.169545105180407e-7	-9.192324122028143e-7	-6.138161037934874e-10	1.798267537365158e-7	-4.2393144280379255e-8	-1.8099869504741148e-8	1.1438247160766796e-8	-1.1804917533406699e-9	-9.614678751507927e-10	4.98518674718661e-10	-1.0063808862864967e-10	-2.435074952550527e-11	3.048058848506216e-11	-1.240140566735777e-11	-1.4649881243007645e-12	2.8237192315275217e-12
-9.563239055584982e-7	-5.236957469879899e-6	-2.9514413351708346e-6	1.8531910015183234e-7	1.0910462950422832e-6	4.8631522971500675e-9	-2.7425245419397453e-7	3.373087706506428e-8	4.4812567847143416e-8	-1.3440526333335836e-8	-3.604174270718883e-9	2.454669029454057e-9	-2.6492973358724706e-10	-1.3117654895254335e-10	7.954674484215996e-11	-2.52379408062324e-11	2.530702481341046e-12	6.660114950859941e-12	-1.5023870277193485e-12	-5.758636921265534e-12
1.0281872675904635e-6	-6.138460329555007e-7	-1.0882095741139228e-6	-4.153813973797448e-7	4.25919359326051e-7	1.5562303394751377e-7	-1.3932569067193461e-7	-1.7999887752344606e-8	3.2723240241854315e-8	-2.8660527328153163e-9	-4.923243195065208e-9	1.583756695450536e-9	2.2253259559503955e-10	-2.3012510582016976e-10	5.227641171508257e-11	-7.996701716604659e-13	-1.0368890045620721e-11	3.6259114200715148e-12	2.1081570733896826e-12	1.5347664003399764e-12