0.677756923100855	-0.06001379733319149	0.011697902458968927	0.0038677896822086905	-0.0031823316489451928	0.0009509578874018432	-0.00008465728011189166	-0.000051991065322750285	0.0000314008198005463	-0.000010908786205173756	2.8349950868499765e-6	-4.1184656239334023e-7	-8.315374411244471e-8	7.819665930804153e-8	-2.5554306317358963e-8	3.9201732767607e-9	5.764843153083059e-10	-7.612876960771953e-10	3.9451082087553144e-10	-1.135001857039894e-10
0.5455287553949341	0.018386208028523858	-0.0058047419927006435	-0.00030510077809498166	0.0012685253959771985	-0.0006430066692123847	0.00014631426221104553	8.925309428807352e-6	-0.000020397482759435226	9.005570737073839e-6	-2.645484010555335e-6	5.246819403797456e-7	8.430167448229137e-9	-6.741917340412828e-8	3.22566405862128e-8	-7.94687269022867e-9	7.037655415842361e-10	4.4389990102211736e-10	-3.232275258265114e-10	4.872138617843715e-11
-0.02942732938297595	0.05394237890591276	-0.009836216823537091	-0.003843608046755497	0.0028242349089990133	-0.0007306467042108801	0.000012542051765240738	0.00005951706093680933	-0.00002555342859557738	6.820392223114494e-6	-1.3023936666673884e-6	2.3039881282490324e-8	1.2493255538225485e-7	-5.302543732009122e-8	6.151778879272957e-9	3.2261349913541943e-9	-2.1350264692310012e-9	6.764194476077418e-10	-2.071467336989827e-10	1.4998001385475076e-10
-0.14246593107973396	0.013122526237757932	-0.0000953993484900603	-0.0018113391247424585	0.00036017625241901833	0.00018355275723762614	-0.00011143992020950948	0.000016197851429648947	6.0305386103058325e-6	-3.8487723549786735e-6	1.1594180695569535e-6	-2.4921195664432425e-7	4.257290937519759e-9	3.596466390960707e-8	-1.9352654468765573e-8	4.538922488011329e-9	-1.4803252541958564e-10	-2.2003429019947212e-10	1.238418939473367e-10	-3.96153230730026e-11
-0.07360490230654448	-0.015336274379028174	0.0038389617665701968	0.0007962228586662757	-0.0010047208763944043	0.00035322187645622555	-0.000028049163424314976	-0.00002645476413847339	0.000013052097933509145	-3.0508577692190634e-6	3.457926932218106e-7	7.356875860172287e-8	-7.610107713508269e-8	2.8100150085578817e-8	-1.3570059232120152e-9	-3.316868414394167e-9	1.6347098640554815e-9	-3.01305317474505e-10	2.8902477525009906e-11	-9.055730368053364e-11
-0.009316835576991998	-0.01409582701195076	0.0017095944714147792	0.0013967058350509139	-0.0006435344310292167	0.00003994769170344	0.0000559399485110256	-0.00002044099748745704	1.184702408905502e-6	1.2322187377012013e-6	-4.971037155642052e-7	1.1710997298972525e-7	-9.405204328891137e-9	-1.4988838476369024e-8	1.0426975558365872e-8	-2.8520302209987915e-9	6.89051224390079e-11	1.621360886939734e-10	-4.465220940664139e-11	2.0077191333609835e-11
0.013371797352158182	-0.003123868648090456	-0.0005911614600153346	0.000605689979044117	0.000038144935132975333	-0.00013239671549350088	0.00003974066944562111	3.6768004479126066e-6	-5.5797327713234324e-6	1.541386430843546e-6	-1.1701595656346216e-7	-5.6259522940939376e-8	3.9181829921715447e-8	-1.6249083139782683e-8	2.041580464011211e-9	1.7332923108132146e-9	-1.0030018569439237e-9	1.3502602025849617e-10	1.435863160683705e-11	2.3909468250204145e-11
0.012946839701312274	0.0031917505489678613	-0.0009321874566775861	-0.00019195211642252983	0.00026505406981611245	-0.00007755608238424244	-8.021878156171203e-6	0.00001173635900603067	-2.765962843665791e-6	-2.2880997053284957e-7	2.75164699609521e-7	-7.220593369772915e-8	9.319199963355915e-9	4.206771787716073e-9	-4.838501360571071e-9	1.889638385910576e-9	-1.748188114045592e-10	-1.497487349101873e-10	6.34987955500186e-11	2.3878848910403958e-11
0.00696131877383372	0.003562156919037404	-0.000317464714553611	-0.0004133970068012101	0.00014848411209892568	0.00001522443148561101	-0.00002294009294316554	4.361110311875853e-6	1.3403578592163378e-6	-8.107807174151149e-7	1.1841592796080246e-7	2.5154300539021292e-8	-1.9861880880712047e-8	8.500553957106359e-9	-1.9869385114410247e-9	-4.819567888091894e-10	5.543779322999794e-10	-9.764105032860661e-11	-3.622634471860033e-11	-2.963923074664589e-11
0.00213530146076258	0.0016358851626377814	0.00012986622176843957	-0.00024182126921254123	1.263697142215366e-6	0.0000398403001707659	-9.497483235712453e-6	-2.950275503842454e-6	1.865669238098949e-6	-1.6649903107480274e-7	-1.290372538941681e-7	5.123544294918434e-8	-8.981265711132812e-9	-2.8563362782050173e-10	1.8300980283216537e-9	-1.104430885748341e-9	1.958315419954516e-10	6.718617047256348e-11	-2.918722114854649e-11	1.76307961828083e-11
-0.00050186527609309	0.00003679864342772749	0.0001813354022837344	-0.000023379878592533437	-0.00004816190195092233	0.000017045961461239844	4.0138549428321904e-6	-3.5123885714950922e-6	3.081127485461471e-7	3.4795563362904837e-7	-1.2321599737144962e-7	2.123402546716914e-9	9.231147167669605e-9	-4.121892026984664e-9	1.3478608026923225e-9	-5.981627901872379e-11	-2.27782803646011e-10	1.0945927053206822e-10	-1.1099469908177999e-11	-1.5281591693016433e-11
-0.0014427365716866217	-0.0005895417617027773	0.00006806691605028812	0.0000775987579628984	-0.00003072761905995378	-5.253769477643047e-6	6.119934440122204e-6	-6.98488673901216e-7	-6.700976641202589e-7	2.5402131575086924e-7	1.1565185755479956e-8	-2.9473624944652147e-8	8.37153479730287e-9	-7.267687798415915e-10	-5.742514856238142e-10	4.988709286028173e-10	-1.7428921209093704e-10	-1.2180562683700505e-11	2.940417027431138e-11	-1.8670866651251776e-12
-0.001367034545787696	-0.0005608406142828522	-0.000015037488037032308	0.0000743881005591954	-5.071419972832707e-6	-9.870629800365002e-6	2.1072883657158125e-6	1.0711925026105898e-6	-4.914085349052249e-7	-3.911865019984458e-8	7.046688075466965e-8	-1.5078888703247135e-8	-1.9307869333163924e-9	2.01943470428431e-9	-8.213929053661447e-10	1.794752206688054e-10	6.177890757828614e-11	-6.372557471675307e-11	1.3873530877719573e-11	6.8241494472951435e-12
-0.0008578931965242398	-0.00030586065964590325	-0.000029511094253432285	0.00003486328753016222	4.903522280470503e-6	-4.486707057583812e-6	-9.590224326365881e-7	9.138739919629317e-7	2.0578051222627748e-8	-1.4784798319560847e-7	3.2985649467848774e-8	8.72031810913239e-9	-5.6554478486089185e-9	1.0199671319132894e-9	8.660763309320009e-11	-1.7617361044931952e-10	1.0976402352682636e-10	-1.364763667745586e-11	-1.843773151191143e-11	-5.240652082758555e-12
-0.0003361484526681821	-0.0000766095718959226	-0.000011646213643451485	3.7101863914844714e-6	3.211587415013204e-6	6.129092886034783e-7	-1.2368196121545125e-6	1.0210248529009085e-7	2.2123853003107796e-7	-7.02699154191079e-8	-1.4646017250494105e-8	1.270230135297693e-8	-1.8162425346242989e-9	-7.500999609991047e-10	4.748511248922269e-10	-1.548136043595964e-10	-2.8837116613882052e-12	1.4571475251998027e-11	1.0863139408194902e-12	1.4575403533309376e-11
0.000014349802464105887	0.00004719836820270187	3.83493821478145e-6	-8.779953737800533e-6	-2.561353799921751e-7	2.0178615652869053e-6	-3.209538011342077e-7	-3.144674562405021e-7	1.1975174586244882e-7	2.4234832359421336e-8	-2.3035276955032285e-8	2.504648626222789e-9	2.005457779794559e-9	-8.59947245059273e-10	1.2579552389991797e-10	4.1514451679927275e-11	-3.8489423833439756e-11	2.471729529493656e-11	-7.342370201418591e-12	-1.2774534793695558e-11
0.00016129318361614298	0.0000769813678322441	7.108977008075815e-6	-9.115022215386726e-6	-1.2485376894813983e-6	1.2325873437117434e-6	2.720570303322119e-7	-2.5549570524310557e-7	-1.962479098911523e-8	4.8581590325049925e-8	-7.1753996564165746e-9	-5.276181370400383e-9	2.251342520165323e-9	-1.5682815316568968e-11	-2.407241319392914e-10	9.51626498278289e-11	-1.8018277137248767e-11	-7.905172108818408e-12	9.761864453177067e-12	1.8384114692268465e-12
0.00019307533603107885	0.000058450394997841006	1.9967466228818865e-6	-5.526403533555313e-6	-3.248203450694409e-8	1.7142140106750576e-7	2.1532664617719905e-7	-3.833152113223075e-8	-5.368487968728582e-8	1.9228786504472267e-8	4.7341646841061406e-9	-3.852620639895857e-9	3.278731401505121e-10	3.53255795587106e-10	-1.6150719856552337e-10	3.280067530249658e-11	8.187464784923867e-12	-1.3196109867807601e-11	2.964900555429105e-12	1.5161364866475222e-12
0.00017750296061913584	0.00003233660575216804	-3.200199823761782e-6	-2.38048682721587e-6	1.313810674937599e-6	-3.8175368215732854e-7	-6.278840540067097e-8	9.721316545914342e-8	-1.5810431205372623e-8	-1.2087436236229033e-8	4.577311862928677e-9	1.0227255697328134e-9	-9.240998701930819e-10	1.126628460120481e-10	7.536798255262066e-11	-3.516082385099026e-11	8.487957813821043e-12	3.9341460048459426e-12	-5.1558947270023e-12	-2.5040477639537775e-12
0.00007351917479697309	9.94879673813084e-6	-2.101107170044661e-6	-5.686004780204416e-7	7.727605006121498e-7	-2.266541966914823e-7	-7.999102608671196e-8	5.7400674125093407e-8	3.3663446102395224e-9	-9.760253884212632e-9	9.916247218158276e-10	1.3415983754158124e-9	-4.78649730582207e-10	-3.1562729995793584e-11	6.972569947089578e-11	-2.7862030553809508e-11	5.040895001764967e-14	3.322385227176594e-12	2.7209034721489833e-13	2.028157752419907e-12